((("testchannel" .
   [0 0 0 0 0 1 0 0 0 0 0])
  ("testalpha" .
   [0 0 0 1 0 0 0 0 0])
  ("G4int" .
   [2 0 0 0 2])
  ("/home/David/g4neuronsp/onms/tools/ziegler_low_e_table" .
   [1 0 0 0 0 0 0 0 0 0 0 0 0 0 0 0 0 0 0 0 0 0 0 0 0 0 0 0 0 0 0 0 0 0 0 0 0 0 0 0 0 0 0 0 0 0 0 0 0 0 0 0 0])
  ("/usr/bin/conda" .
   [0 0 0 0 0 0 0 0 0 2 0 0 0 0])
  ("inc" .
   [1 0 0])
  ("auto-complete-config" .
   [1 0 0 0 0 0 0 0 0 0 0 0 0 0 0 1 0 0 0 0])
  ("endl" .
   [2 0 1 1])
  ("flag2" .
   [1 0 0 0 0])
  ("QGSP_BIC_HP" .
   [0 0 0 0 0 1 0 0 0 0 0])
  ("xAxis0" .
   [0 0 3 0 0 0])
  ("hR2" .
   [3 0 0])
  ("TH2" .
   [2 0 0])
  ("Water" .
   [0 0 1 0 0])
  ("gPad" .
   [1 0 0 0])
  ("POLYETHYLENE_mat" .
   [0 0 1 0 0 0 0 0 0 0 0 0 0 0 0 0])
  ("Fe_mat" .
   [0 0 1 0 0 0])
  ("CsI_mat" .
   [0 0 1 0 0 0 0])
  ("deltax" .
   [0 0 0 1 0 1])
  ("NE213" .
   [0 0 1 0 0])
  ("logicDetector_Det" .
   [0 0 0 0 0 0 0 0 0 0 0 0 0 0 1 0 1])
  ("Detector_Det" .
   [0 0 0 0 0 0 0 0 0 0 1 0])
  ("Size_z" .
   [1 0 0 0 0 0])
  ("rootcharname" .
   [0 0 0 0 0 1 0 1 0 0 0 0])
  ("rootname" .
   [0 0 0 0 0 0 2 0])
  ("filename" .
   [0 0 0 0 0 2 0 0])
  ("Fill" .
   [0 0 1 1])
  ("root" .
   [2 0 0 0])
  ("string" .
   [2 0 0 0 0 0])
  ("const" .
   [0 0 0 0 2])
  ("fieldRot2" .
   [1 0 1 1 1 0 0 0 0])
  ("fil" .
   [1 0 0])
  ("fieldRot" .
   [0 0 0 0 1 0 0 0])
  ("f" .
   [2])
  ("false" .
   [0 0 0 0 2])
  ("return" .
   [0 0 0 0 0 1])
  ("Detector4" .
   [1 0 0 0 0 0 0 0 0])
  ("logicDetector4" .
   [2 0 0 0 0 0 0 0 0 0 0 0 0 0])
  ("chN" .
   [1 0 0])
  ("cout" .
   [2 0 0 3])
  ("std" .
   [1 0 0])
  ("incl" .
   [0 0 1 1])
  ("ss" .
   [3 0])
  ("int" .
   [0 0 1])
  ("for" .
   [0 0 2])
  ("double" .
   [0 0 0 2 1 7])
  ("void" .
   [0 0 0 1])
  ("ob" .
   [1 0])
  ("ox" .
   [1 0])
  ("ADC" .
   [1 0 0])
  ("struct" .
   [0 0 0 0 1 0])
  ("Env_mat" .
   [0 0 0 2 0 0 0])
  ("xtemp" .
   [0 0 0 2 0])
  ("TotalEDep" .
   [1 0 0 0 2 0 0 0 1])
  ("TCanvas" .
   [0 0 0 3 0 0 0])
  ("Draw" .
   [3 0 1 0])
  ("Detector" .
   [1 0 0 0 0 0 0 0])
  ("TH1D" .
   [1 0 1 0])
  ("EventID" .
   [0 0 0 1 0 1 1])
  ("EventID_old" .
   [0 0 0 0 0 0 0 0 2 0 0])
  ("include" .
   [0 0 0 0 2 0 3])
  ("TGraph" .
   [0 0 0 0 1 0])
  ("EkPre" .
   [0 0 2 0 0])
  ("hstd" .
   [1 0 3 0])
  ("ifile_std" .
   [1 0 0 0 0 0 0 1 0])
  ("operator" .
   [0 0 1 0 0 0 0 0])
  ("ifile_0" .
   [2 0 0 0 0 0 0])
  ("ifile_1" .
   [2 0 0 0 0 0 0])
  ("ifile_2" .
   [2 0 0 0 0 0 0])
  ("ifile_3" .
   [2 0 0 0 0 0 0])
  ("ifile_4" .
   [2 0 0 0 0 0 0])
  ("ifile_5" .
   [2 0 0 0 0 0 0])
  ("tmpi" .
   [0 0 1 0])
  ("N_std" .
   [0 0 0 2 0])
  ("h0" .
   [2 0])
  ("h1" .
   [2 0])
  ("h2" .
   [2 0])
  ("h3" .
   [2 0])
  ("h4" .
   [2 0])
  ("h5" .
   [2 0])
  ("GetEntries" .
   [0 0 0 0 0 0 0 0 0 2])
  ("analysis" .
   [0 0 0 1 0 0 0 0])
  ("notyet" .
   [0 0 0 0 0 1])))
